inputNums = [4,1,1,4,1,1,1,1,1,1,1,1,3,4,1,1,1,3,1,3,1,1,1,1,1,1,1,1,1,3,1,3,1,1,1,5,1,2,1,1,5,3,4,2,1,1,4,1,1,5,1,1,5,5,1,1,5,2,1,4,1,2,1,4,5,4,1,1,1,1,3,1,1,1,4,3,1,1,1,1,1,1,1,1,1,1,1,1,1,1,1,5,1,1,2,1,1,1,1,1,1,1,2,4,4,1,1,3,1,3,2,4,3,1,1,1,1,1,2,1,1,1,1,2,5,1,1,1,1,2,1,1,1,1,1,1,1,2,1,1,4,1,5,1,3,1,1,1,1,1,5,1,1,1,3,1,2,1,2,1,3,4,5,1,1,1,1,1,1,5,1,1,1,1,1,1,1,1,3,1,1,3,1,1,4,1,1,1,1,1,2,1,1,1,1,3,2,1,1,1,4,2,1,1,1,4,1,1,2,3,1,4,1,5,1,1,1,2,1,5,3,3,3,1,5,3,1,1,1,1,1,1,1,1,4,5,3,1,1,5,1,1,1,4,1,1,5,1,2,3,4,2,1,5,2,1,2,5,1,1,1,1,4,1,2,1,1,1,2,5,1,1,5,1,1,1,3,2,4,1,3,1,1,2,1,5,1,3,4,4,2,2,1,1,1,1,5,1,5,2]

for days in range(80):
    for i in range (len(inputNums)):
        inputNums[i] -= 1
        if (inputNums[i] == -1):
            inputNums[i] = 6
            inputNums.append(8)

print (days, len(inputNums))
    
